.git/annex/objects/49/F8/MD5E-s75--c5aead928917cf093335c09ddca2b9d4.csv/MD5E-s75--c5aead928917cf093335c09ddca2b9d4.csv